Month,Water_pct,Vegetation_pct,Barren_pct,Urban_pct
2025_Feb,6.5,32.8,12.2,48.5
2025_Mar,5.8,30.2,14.5,49.5
2025_Apr,5.2,27.5,16.8,50.5
2025_May,4.5,24.8,19.2,51.5
2025_Jun,8.2,35.5,11.8,44.5
2025_Jul,9.8,38.2,9.5,42.5
2025_Aug,10.5,39.8,8.7,41.0
2025_Sep,9.5,37.5,10.2,42.8
2025_Oct,8.8,36.2,11.5,43.5
2025_Nov,7.8,34.5,12.8,44.9
2025_Dec,7.2,33.6,12.5,46.7
2026_Jan,6.8,33.0,12.3,47.9
