Month,Water_pct,Vegetation_pct,Barren_pct,Urban_pct
2025_Feb,7.8,18.5,14.2,59.5
2025_Mar,7.2,16.8,16.5,59.5
2025_Apr,6.5,14.5,18.8,60.2
2025_May,5.8,12.8,21.2,60.2
2025_Jun,7.5,16.5,17.5,58.5
2025_Jul,8.2,18.2,15.8,57.8
2025_Aug,8.8,19.5,14.5,57.2
2025_Sep,9.5,20.8,13.2,56.5
2025_Oct,11.5,24.5,11.5,52.5
2025_Nov,13.2,26.8,9.8,50.2
2025_Dec,11.8,24.2,11.5,52.5
2026_Jan,9.5,21.5,13.2,55.8
