Month,Water_pct,Vegetation_pct,Barren_pct,Urban_pct
2025_Feb,4.5,22.5,28.5,44.5
2025_Mar,5.2,26.8,25.5,42.5
2025_Apr,6.5,32.5,21.5,39.5
2025_May,7.2,35.8,19.5,37.5
2025_Jun,8.5,38.5,17.5,35.5
2025_Jul,10.8,42.5,14.2,32.5
2025_Aug,11.5,44.8,12.5,31.2
2025_Sep,10.2,42.2,14.5,33.1
2025_Oct,8.5,37.5,17.8,36.2
2025_Nov,6.8,32.5,22.2,38.5
2025_Dec,5.5,27.5,26.0,41.0
2026_Jan,4.8,24.2,27.5,43.5
