Month,Water_pct,Vegetation_pct,Barren_pct,Urban_pct
2025_Feb,12.5,28.5,10.5,48.5
2025_Mar,11.8,26.8,12.2,49.2
2025_Apr,10.5,24.5,14.5,50.5
2025_May,9.8,22.8,16.8,50.6
2025_Jun,15.5,32.5,9.5,42.5
2025_Jul,18.2,36.8,7.2,37.8
2025_Aug,19.5,38.5,6.5,35.5
2025_Sep,17.8,36.2,8.2,37.8
2025_Oct,15.5,33.5,10.2,40.8
2025_Nov,14.2,31.8,11.5,42.5
2025_Dec,13.5,30.5,11.2,44.8
2026_Jan,12.8,29.2,10.8,47.2
