Month,Water_pct,Vegetation_pct,Barren_pct,Urban_pct
2025_Feb,8.5,18.2,8.3,65.0
2025_Mar,7.8,16.5,9.2,66.5
2025_Apr,7.2,14.8,10.5,67.5
2025_May,6.8,13.2,11.8,68.2
2025_Jun,12.5,22.5,7.2,57.8
2025_Jul,15.8,28.4,5.3,50.5
2025_Aug,16.2,29.8,4.8,49.2
2025_Sep,14.5,27.3,6.0,52.2
2025_Oct,11.8,23.6,7.8,56.8
2025_Nov,10.2,20.8,8.5,60.5
2025_Dec,9.3,19.4,8.8,62.5
2026_Jan,8.8,18.7,8.5,64.0
