Month,Water_pct,Vegetation_pct,Barren_pct,Urban_pct
2025_Feb,8.8,30.5,15.2,45.5
2025_Mar,8.2,28.8,17.5,45.5
2025_Apr,7.5,26.5,20.5,45.5
2025_May,6.8,24.2,23.5,45.5
2025_Jun,11.5,31.5,18.5,38.5
2025_Jul,15.2,38.8,12.5,33.5
2025_Aug,17.5,42.5,10.5,29.5
2025_Sep,15.8,39.8,12.2,32.2
2025_Oct,12.8,35.5,14.8,36.9
2025_Nov,10.8,33.2,16.5,39.5
2025_Dec,9.8,32.0,16.2,42.0
2026_Jan,9.2,31.2,15.8,43.8
