Month,Water_pct,Vegetation_pct,Barren_pct,Urban_pct
2025_Feb,4.2,22.5,15.8,57.5
2025_Mar,3.8,20.3,17.2,58.7
2025_Apr,3.2,17.8,19.5,59.5
2025_May,2.8,15.2,21.8,60.2
2025_Jun,8.5,28.6,12.4,50.5
2025_Jul,11.2,35.8,8.5,44.5
2025_Aug,12.5,37.2,7.8,42.5
2025_Sep,10.8,33.5,9.2,46.5
2025_Oct,7.5,28.4,11.8,52.3
2025_Nov,5.8,25.6,13.5,55.1
2025_Dec,4.8,23.8,14.7,56.7
2026_Jan,4.5,23.1,15.2,57.2
