Month,Water_pct,Vegetation_pct,Barren_pct,Urban_pct
2025_Feb,6.5,35.8,16.2,41.5
2025_Mar,5.8,33.5,18.5,42.2
2025_Apr,5.0,30.8,21.5,42.7
2025_May,4.2,27.5,25.0,43.3
2025_Jun,9.5,36.5,18.5,35.5
2025_Jul,13.5,44.5,12.5,29.5
2025_Aug,15.2,47.8,10.5,26.5
2025_Sep,13.8,45.5,12.2,28.5
2025_Oct,11.2,41.8,14.8,32.2
2025_Nov,9.2,39.5,16.2,35.1
2025_Dec,7.8,37.8,16.8,37.6
2026_Jan,7.0,36.5,16.5,40.0
