Month,Water_pct,Vegetation_pct,Barren_pct,Urban_pct
2025_Feb,3.2,16.5,22.8,57.5
2025_Mar,2.8,14.8,25.2,57.2
2025_Apr,2.5,12.5,28.5,56.5
2025_May,2.2,10.8,31.5,55.5
2025_Jun,4.5,15.8,26.2,53.5
2025_Jul,7.8,24.5,19.2,48.5
2025_Aug,9.2,28.8,16.5,45.5
2025_Sep,7.5,26.5,18.5,47.5
2025_Oct,5.5,22.5,21.2,50.8
2025_Nov,4.5,19.8,23.5,52.2
2025_Dec,3.8,18.2,24.2,53.8
2026_Jan,3.5,17.5,23.5,55.5
