Month,Water_pct,Vegetation_pct,Barren_pct,Urban_pct
2025_Feb,8.5,28.5,15.5,47.5
2025_Mar,7.8,26.8,17.8,47.6
2025_Apr,7.0,24.5,20.5,48.0
2025_May,6.2,22.0,23.8,48.0
2025_Jun,10.5,29.5,18.5,41.5
2025_Jul,14.2,36.8,13.5,35.5
2025_Aug,15.5,39.2,11.8,33.5
2025_Sep,13.8,36.5,13.5,36.2
2025_Oct,11.5,32.8,15.8,39.9
2025_Nov,10.2,30.5,16.8,42.5
2025_Dec,9.5,29.5,16.5,44.5
2026_Jan,8.8,29.0,16.0,46.2
