Month,Water_pct,Vegetation_pct,Barren_pct,Urban_pct
2025_Feb,3.5,22.5,18.5,55.5
2025_Mar,3.2,21.2,20.8,54.8
2025_Apr,2.8,18.5,23.5,55.2
2025_May,2.5,15.8,26.2,55.5
2025_Jun,3.8,19.5,22.2,54.5
2025_Jul,6.5,28.5,15.5,49.5
2025_Aug,7.8,32.2,12.8,47.2
2025_Sep,6.8,29.5,14.5,49.2
2025_Oct,5.2,26.8,16.8,51.2
2025_Nov,4.5,25.2,18.5,51.8
2025_Dec,4.0,24.0,19.2,52.8
2026_Jan,3.8,23.2,18.8,54.2
