Month,Water_pct,Vegetation_pct,Barren_pct,Urban_pct
2025_Feb,5.2,24.8,18.5,51.5
2025_Mar,4.8,23.2,20.5,51.5
2025_Apr,4.2,21.5,22.8,51.5
2025_May,3.8,19.2,25.5,51.5
2025_Jun,6.5,24.5,21.5,47.5
2025_Jul,9.5,32.5,16.5,41.5
2025_Aug,11.2,35.8,14.5,38.5
2025_Sep,9.8,33.5,16.2,40.5
2025_Oct,7.5,29.8,18.8,43.9
2025_Nov,6.5,27.5,20.2,45.8
2025_Dec,5.8,26.2,20.5,47.5
2026_Jan,5.5,25.5,19.5,49.5
