Month,Water_pct,Vegetation_pct,Barren_pct,Urban_pct
2025_Feb,4.5,26.5,16.5,52.5
2025_Mar,4.0,24.8,18.8,52.4
2025_Apr,3.5,22.5,21.5,52.5
2025_May,3.0,19.8,24.8,52.4
2025_Jun,5.5,25.5,20.5,48.5
2025_Jul,8.5,33.5,14.5,43.5
2025_Aug,10.2,36.8,12.5,40.5
2025_Sep,8.8,34.5,14.2,42.5
2025_Oct,6.8,31.2,16.5,45.5
2025_Nov,5.8,29.5,17.8,46.9
2025_Dec,5.2,28.2,17.5,49.1
2026_Jan,4.8,27.5,17.2,50.5
