Month,Water_pct,Vegetation_pct,Barren_pct,Urban_pct
2025_Feb,4.8,26.5,18.2,50.5
2025_Mar,4.2,24.8,20.5,50.5
2025_Apr,3.5,22.5,23.5,50.5
2025_May,2.8,19.8,27.2,50.2
2025_Jun,6.5,27.5,21.5,44.5
2025_Jul,10.2,35.8,15.5,38.5
2025_Aug,11.8,38.5,13.2,36.5
2025_Sep,10.5,36.2,15.0,38.3
2025_Oct,8.2,32.5,17.5,41.8
2025_Nov,6.8,29.8,19.2,44.2
2025_Dec,5.8,28.2,19.5,46.5
2026_Jan,5.2,27.5,18.8,48.5
